0.52359878 0.26179939
0.69115038 0.44055584
0.85870199 0.65003316
1.02625360 0.87782065
1.19380521 1.10997201
1.36135682 1.33160790
1.52890842 1.52756731
1.69646003 1.68308294
1.86401164 1.78445469
2.03156325 1.81969509
2.19911486 1.77912129
2.36666647 1.65586977
2.53421807 1.44631264
2.70176968 1.15035758
2.86932129 0.77161737
3.03687290 0.31743966
3.20442451 -0.20120748
3.37197611 -0.76999368
3.53952772 -1.37162216
3.70707933 -1.98635244
3.87463094 -2.59263415
4.04218255 -3.16783202
4.20973416 -3.68901816
4.37728576 -4.13380524
4.54483737 -4.48119164
4.71238898 -4.71238898
