-2.65400000 -2.11805921
-2.53400000 -2.35641281
-2.41400000 -1.96887558
-2.29400000 -1.86136998
-2.17400000 -1.68046448
-2.05400000 -2.12003647
-1.93400000 -1.92078293
-1.81400000 -1.50002780
-1.69400000 -1.77186897
-1.57400000 -1.46872253
-1.45400000 -1.43015221
-1.33400000 -1.22054681
-1.21400000 -1.32261165
-1.09400000 -1.11514932
-0.97400000 -0.69002771
-0.85400000 -0.62105370
-0.73400000 -0.73541620
-0.61400000 -0.57822730
-0.49400000 -0.91399808
-0.37400000 -0.46897334
-0.25400000 -0.81597457
-0.13400000 -0.55003492
-0.01400000 -0.53327632
0.10600000 0.06293257
0.22600000 -0.32669068
0.34600000 -0.04749170
0.46600000 -0.15485716
0.58600000 -0.07459340
0.70600000 0.68899339
0.82600000 0.19949268
0.94600000 0.51649930
1.06600000 0.85713418
1.18600000 0.78327987
1.30600000 0.64182371
1.42600000 0.99396420
1.54600000 1.00501539
1.66600000 1.07798724
1.78600000 1.53338127
1.90600000 1.11918759
2.02600000 1.57431827
2.14600000 1.48685873
2.26600000 1.76523538
2.38600000 1.58397147
2.50600000 2.04844709
2.62600000 1.68828606
2.74600000 1.83614376
2.86600000 2.27359339
2.98600000 2.45306986
3.10600000 1.91211646
3.22600000 2.66779531
3.34600000 2.44629651
